-61
-56
-61
-60
-60
-57
-61
-57
-59
-59
-61
-57
-60
-60
-62
-57
-59
-59
-60
-58
-60
-57
-61
-60
-57
-59
-60
-57
-59
-58
-60
-63
-57
-62
-57
-58
-58
-57
-61
-57
-55
-58
-62
-60
-56
-57
-58
-61
-57
-61
-53
-58
-58
-61
-57
-57
-62
-59
-57
-56
-56
-66
-77
-67
-76
-71
-68
-88
-79
-79
-63
-61
-62
-58
-60
-73
-89
-75
-83
-81
-83
-74
-78
-71
-77
-72
-72
-70
-69
-75
-71
-70
-73
-74
-71
-74
-72
-71
-74
-65
-67
-65
-62
-66
-65
-65
-65
-67
-75
-72
-67
-62
-63
-58
-60
-61
-57
-59
-59
-64
-69
-62
-64
-66
-65
-56
-61
